2
-1.0   -0.4     000 15000
-1.0   -0.4   15000 30000
-0.4    0.2     000 15000
-0.4    0.2   15000 30000
 0.2    0.4     000   150
 0.2    0.4     150   300
 0.2    0.4     300   350
 0.2    0.4     350   400
 0.2    0.4     400   450
 0.2    0.4     450   500
 0.2    0.4     500   550
 0.2    0.4     550   600
 0.2    0.4     600 15300
 0.2    0.4   15300 30000
 0.4    0.6     000   150
 0.4    0.6     150   300
 0.4    0.6     300   350
 0.4    0.6     350   400
 0.4    0.6     400   450
 0.4    0.6     450   500
 0.4    0.6     500   550
 0.4    0.6     550   600
 0.4    0.6     600 15300
 0.4    0.6   15300 30000
 0.6    0.65    000   150
 0.6    0.65    150   300
 0.6    0.65    300   350
 0.6    0.65    350   400
 0.6    0.65    400   450
 0.6    0.65    450   500
 0.6    0.65    500   550
 0.6    0.65    550   600
 0.6    0.65    600   700
 0.6    0.65    700   800
 0.6    0.65    800 15400
 0.6    0.65  15400 30000
 0.65   0.7     000   150
 0.65   0.7     150   300
 0.65   0.7     300   350
 0.65   0.7     350   400
 0.65   0.7     400   450
 0.65   0.7     450   500
 0.65   0.7     500   550
 0.65   0.7     550   600
 0.65   0.7     600   700
 0.65   0.7     700   800
 0.65   0.7     800 15400
 0.65   0.7   15400 30000
 0.7    0.75    000   150
 0.7    0.75    150   300
 0.7    0.75    300   350
 0.7    0.75    350   400
 0.7    0.75    400   450
 0.7    0.75    450   500
 0.7    0.75    500   550
 0.7    0.75    550   600
 0.7    0.75    600   700
 0.7    0.75    700   800
 0.7    0.75    800 15400
 0.7    0.75  15400 30000
 0.75   0.8     000   150
 0.75   0.8     150   300
 0.75   0.8     300   350
 0.75   0.8     350   400
 0.75   0.8     400   450
 0.75   0.8     450   500
 0.75   0.8     500   550
 0.75   0.8     550   600
 0.75   0.8     600   700
 0.75   0.8     700   800
 0.75   0.8     800 15400
 0.75   0.8   15400 30000
 0.8    0.825   000   150
 0.8    0.825   150   300
 0.8    0.825   300   350
 0.8    0.825   350   400
 0.8    0.825   400   450
 0.8    0.825   450   500
 0.8    0.825   500   550
 0.8    0.825   550   600
 0.8    0.825   600   700
 0.8    0.825   700   800
 0.8    0.825   800   900
 0.8    0.825   900  1000
 0.8    0.825  1000 15500
 0.8    0.825 15500 30000
 0.825  0.85    000   150
 0.825  0.85    150   300
 0.825  0.85    300   350
 0.825  0.85    350   400
 0.825  0.85    400   450
 0.825  0.85    450   500
 0.825  0.85    500   550
 0.825  0.85    550   600
 0.825  0.85    600   700
 0.825  0.85    700   800
 0.825  0.85    800   900
 0.825  0.85    900  1000
 0.825  0.85   1000 15500
 0.825  0.85  15500 30000
 0.85   0.875   000   150
 0.85   0.875   150   300
 0.85   0.875   300   350
 0.85   0.875   350   400
 0.85   0.875   400   450
 0.85   0.875   450   500
 0.85   0.875   500   550
 0.85   0.875   550   600
 0.85   0.875   600   700
 0.85   0.875   700   800
 0.85   0.875   800   900
 0.85   0.875   900  1000
 0.85   0.875  1000  1250
 0.85   0.875  1250  1500
 0.85   0.875  1500 15750
 0.85   0.875 15750 30000
 0.875  0.9     000   150
 0.875  0.9     150   300
 0.875  0.9     300   350
 0.875  0.9     350   400
 0.875  0.9     400   450
 0.875  0.9     450   500
 0.875  0.9     500   550
 0.875  0.9     550   600
 0.875  0.9     600   700
 0.875  0.9     700   800
 0.875  0.9     800   900
 0.875  0.9     900  1000
 0.875  0.9    1000  1250
 0.875  0.9    1250  1500
 0.875  0.9    1500 15750
 0.875  0.9   15750 30000
 0.9    0.92    000   200
 0.9    0.92    200   400
 0.9    0.92    400   450
 0.9    0.92    450   500
 0.9    0.92    500   550
 0.9    0.92    550   600
 0.9    0.92    600   700
 0.9    0.92    700   800
 0.9    0.92    800  1025
 0.9    0.92   1025  1250
 0.9    0.92   1250  1625
 0.9    0.92   1625  2000
 0.9    0.92   2000 16000
 0.9    0.92  16000 30000
 0.92   0.94    000   200
 0.92   0.94    200   400
 0.92   0.94    400   450
 0.92   0.94    450   500
 0.92   0.94    500   550
 0.92   0.94    550   600
 0.92   0.94    600   700
 0.92   0.94    700   800
 0.92   0.94    800  1025
 0.92   0.94   1025  1250
 0.92   0.94   1250  1625
 0.92   0.94   1625  2000
 0.92   0.94   2000 16000
 0.92   0.94  16000 30000
 0.94   0.96    000   200
 0.94   0.96    200   400
 0.94   0.96    400   450
 0.94   0.96    450   500
 0.94   0.96    500   550
 0.94   0.96    550   600
 0.94   0.96    600   700
 0.94   0.96    700   800
 0.94   0.96    800   900
 0.94   0.96    900  1000
 0.94   0.96   1000  1125
 0.94   0.96   1125  1250
 0.94   0.96   1250  1375
 0.94   0.96   1375  1500
 0.94   0.96   1500  1750
 0.94   0.96   1750  2000
 0.94   0.96   2000  2500
 0.94   0.96   2500  3000
 0.94   0.96   3000 16500
 0.94   0.96  16500 30000
 0.96   0.98    000   200
 0.96   0.98    200   400
 0.96   0.98    400   450
 0.96   0.98    450   500
 0.96   0.98    500   550
 0.96   0.98    550   600
 0.96   0.98    600   700
 0.96   0.98    700   800
 0.96   0.98    800   900
 0.96   0.98    900  1000
 0.96   0.98   1000  1125
 0.96   0.98   1125  1250
 0.96   0.98   1250  1375
 0.96   0.98   1375  1500
 0.96   0.98   1500  1750
 0.96   0.98   1750  2000
 0.96   0.98   2000  2500
 0.96   0.98   2500  3000
 0.96   0.98   3000 16500
 0.96   0.98  16500 30000
 0.98   0.99    000   250
 0.98   0.99    250   500
 0.98   0.99    500   600
 0.98   0.99    600   700
 0.98   0.99    700   800
 0.98   0.99    800   900
 0.98   0.99    900  1075
 0.98   0.99   1075  1250
 0.98   0.99   1250  1625
 0.98   0.99   1625  2000
 0.98   0.99   2000  2500
 0.98   0.99   2500  3000
 0.98   0.99   3000  4000
 0.98   0.99   4000  5000
 0.98   0.99   5000 17500
 0.98   0.99  17500 30000
 0.99   1.00    000   250
 0.99   1.00    250   500
 0.99   1.00    500   600
 0.99   1.00    600   700
 0.99   1.00    700   800
 0.99   1.00    800   900
 0.99   1.00    900  1075
 0.99   1.00   1075  1250
 0.99   1.00   1250  1625
 0.99   1.00   1625  2000
 0.99   1.00   2000  2500
 0.99   1.00   2500  3000
 0.99   1.00   3000  4000
 0.99   1.00   4000  5000
 0.99   1.00   5000 17500
 0.99   1.00  17500 30000
