2
-1.0  0.0  0.0    30000.0
 0.0  0.6  0.0    350.0
 0.0  0.6  350.0  450.0
 0.0  0.6  450.0  550.0
 0.0  0.6  550.0  30000.0
 0.6  0.75 0.0    350.0
 0.6  0.75 350.0  450.0
 0.6  0.75 450.0  550.0
 0.6  0.75 550.0  700.0
 0.6  0.75 700.0  30000.0
 0.75 0.86 0.0    400.0
 0.75 0.86 400.0  500.0
 0.75 0.86 500.0  600.0
 0.75 0.86 600.0  700.0
 0.75 0.86 700.0  850.0
 0.75 0.86 850.0  30000.0
 0.86 0.93 0.0    500.0
 0.86 0.93 500.0  600.0
 0.86 0.93 600.0  700.0
 0.86 0.93 700.0  900.0
 0.86 0.93 900.0  30000.0
 0.93 1.0  0.0    500.0
 0.93 1.0  500.0  600.0
 0.93 1.0  600.0  800.0
 0.93 1.0  800.0  1000.0
 0.93 1.0  1000.0 1500.0
 0.93 1.0  1500.0 2500.0
 0.93 1.0  2500.0 4000.0
 0.93 1.0  4000.0 30000.0
