-1.0  0.2  0.000  30.000
 0.2  0.6  0.000  0.300
 0.2  0.6  0.300  0.400
 0.2  0.6  0.400  0.500
 0.2  0.6  0.500  0.600
 0.2  0.6  0.600  30.000
 0.6  0.7  0.000  0.300
 0.6  0.7  0.300  0.400
 0.6  0.7  0.400  0.500
 0.6  0.7  0.500  0.600
 0.6  0.7  0.600  0.800
 0.6  0.7  0.800  30.000
 0.7  0.8  0.000  0.300
 0.7  0.8  0.300  0.400
 0.7  0.8  0.400  0.500
 0.7  0.8  0.500  0.600
 0.7  0.8  0.600  0.800
 0.7  0.8  0.800  30.000
 0.8  0.85 0.000  0.300
 0.8  0.85 0.300  0.400
 0.8  0.85 0.400  0.500
 0.8  0.85 0.500  0.600
 0.8  0.85 0.600  0.800
 0.8  0.85 0.800  1.000
 0.8  0.85 1.000  30.000
 0.85 0.9  0.000  0.300
 0.85 0.9  0.300  0.400
 0.85 0.9  0.400  0.500
 0.85 0.9  0.500  0.600
 0.85 0.9  0.600  0.800
 0.85 0.9  0.800  1.000
 0.85 0.9  1.000  1.500
 0.85 0.9  1.500  30.000
 0.9  0.94 0.000  0.400
 0.9  0.94 0.400  0.500
 0.9  0.94 0.500  0.600
 0.9  0.94 0.600  0.800
 0.9  0.94 0.800  1.250
 0.9  0.94 1.250  2.000
 0.9  0.94 2.000  30.000
 0.94 0.98 0.000  0.400
 0.94 0.98 0.400  0.500
 0.94 0.98 0.500  0.600
 0.94 0.98 0.600  0.800
 0.94 0.98 0.800  1.000
 0.94 0.98 1.000  1.250
 0.94 0.98 1.250  1.500
 0.94 0.98 1.500  2.000
 0.94 0.98 2.000  3.000
 0.94 0.98 3.000  30.000
 0.98 1.00 0.000  0.500
 0.98 1.00 0.500  0.700
 0.98 1.00 0.700  0.900
 0.98 1.00 0.900  1.250
 0.98 1.00 1.250  2.000
 0.98 1.00 2.000  3.000
 0.98 1.00 3.000  5.000
 0.98 1.00 5.000  30.000
