2
-1.0  0.2  000  30000
 0.2  0.6  000  300
 0.2  0.6  300  400
 0.2  0.6  400  500
 0.2  0.6  500  600
 0.2  0.6  600  30000
 0.6  0.7  000  300
 0.6  0.7  300  400
 0.6  0.7  400  500
 0.6  0.7  500  600
 0.6  0.7  600  800
 0.6  0.7  800  30000
 0.7  0.8  000  300
 0.7  0.8  300  400
 0.7  0.8  400  500
 0.7  0.8  500  600
 0.7  0.8  600  800
 0.7  0.8  800  30000
 0.8  0.85 000  300
 0.8  0.85 300  400
 0.8  0.85 400  500
 0.8  0.85 500  600
 0.8  0.85 600  800
 0.8  0.85 800  1000
 0.8  0.85 1000 30000
 0.85 0.9  000  300
 0.85 0.9  300  400
 0.85 0.9  400  500
 0.85 0.9  500  600
 0.85 0.9  600  800
 0.85 0.9  800  1000
 0.85 0.9  1000 30000
 0.9  0.94 000  400
 0.9  0.94 400  500
 0.9  0.94 500  600
 0.9  0.94 600  800
 0.9  0.94 800  1250
 0.9  0.94 1250 30000
 0.94 0.98 000  400
 0.94 0.98 400  500
 0.94 0.98 500  600
 0.94 0.98 600  800
 0.94 0.98 800  30000
