22 MACCQE PF_C  MEC_C EB_C   PF_O   MEC_O EB_O  2p2hshape_O 2p2hshape_C CA5    MANFFRES BgRES  CCNUE_0 DISMPISHP CCCOH_O_0 NCOTHER_NEAR_0 FSI_INEL_LO_E FSI_PI_ABS FSI_CEX_LO_E FSI_PI_PROD FSI_INEL_HI_E FSI_CEX_HI_E
 0.1681   0.0   0.0   0.0    0.0    0.0   0.0   0.0         0.0         0.0    0.0      0.0    0.0     0.0       0.0       0.0            0.0           0.0        0.0          0.0         0.0           0.0         
 0.0      961.0 0.0   0.0    0.0    0.0   0.0   0.0         0.0         0.0    0.0      0.0    0.0     0.0       0.0       0.0            0.0           0.0        0.0          0.0         0.0           0.0         
 0.0      0.0   1.0   0.0    0.0    0.3   0.0   0.0         0.0         0.0    0.0      0.0    0.0     0.0       0.0       0.0            0.0           0.0        0.0          0.0         0.0           0.0         
 0.0      0.0   0.0   81.0   0.0    0.0   0.0   0.0         0.0         0.0    0.0      0.0    0.0     0.0       0.0       0.0            0.0           0.0        0.0          0.0         0.0           0.0         
 0.0      0.0   0.0   0.0    961.0  0.0   0.0   0.0         0.0         0.0    0.0      0.0    0.0     0.0       0.0       0.0            0.0           0.0        0.0          0.0         0.0           0.0         
 0.0      0.0   0.3   0.0    0.0    1.0   0.0   0.0         0.0         0.0    0.0      0.0    0.0     0.0       0.0       0.0            0.0           0.0        0.0          0.0         0.0           0.0         
 0.0      0.0   0.0   0.0    0.0    0.0   81.0  0.0         0.0         0.0    0.0      0.0    0.0     0.0       0.0       0.0            0.0           0.0        0.0          0.0         0.0           0.0         
 0.0      0.0   0.0   0.0    0.0    0.0   0.0   1.0         0.3         0.0    0.0      0.0    0.0     0.0       0.0       0.0            0.0           0.0        0.0          0.0         0.0           0.0         
 0.0      0.0   0.0   0.0    0.0    0.0   0.0   0.3         1.0         0.0    0.0      0.0    0.0     0.0       0.0       0.0            0.0           0.0        0.0          0.0         0.0           0.0         
 0.0      0.0   0.0   0.0    0.0    0.0   0.0   0.0         0.0         0.0256 0.0      0.0    0.0     0.0       0.0       0.0            0.0           0.0        0.0          0.0         0.0           0.0         
 0.0      0.0   0.0   0.0    0.0    0.0   0.0   0.0         0.0         0.0    0.0196   0.0    0.0     0.0       0.0       0.0            0.0           0.0        0.0          0.0         0.0           0.0         
 0.0      0.0   0.0   0.0    0.0    0.0   0.0   0.0         0.0         0.0    0.0      0.1764 0.0     0.0       0.0       0.0            0.0           0.0        0.0          0.0         0.0           0.0         
 0.0      0.0   0.0   0.0    0.0    0.0   0.0   0.0         0.0         0.0    0.0      0.0    0.0009  0.0       0.0       0.0            0.0           0.0        0.0          0.0         0.0           0.0         
 0.0      0.0   0.0   0.0    0.0    0.0   0.0   0.0         0.0         0.0    0.0      0.0    0.0     0.16      0.0       0.0            0.0           0.0        0.0          0.0         0.0           0.0         
 0.0      0.0   0.0   0.0    0.0    0.0   0.0   0.0         0.0         0.0    0.0      0.0    0.0     0.0       1.0       0.0            0.0           0.0        0.0          0.0         0.0           0.0         
 0.0      0.0   0.0   0.0    0.0    0.0   0.0   0.0         0.0         0.0    0.0      0.0    0.0     0.0       0.0       1.0            0.0           0.0        0.0          0.0         0.0           0.0         
 0.0      0.0   0.0   0.0    0.0    0.0   0.0   0.0         0.0         0.0    0.0      0.0    0.0     0.0       0.0       0.0            0.1681        0.02475    0.0049      -0.0025      0.0           0.0         
 0.0      0.0   0.0   0.0    0.0    0.0   0.0   0.0         0.0         0.0    0.0      0.0    0.0     0.0       0.0       0.0            0.02475       0.2034    -0.00275     -0.00176     0.0           0.0         
 0.0      0.0   0.0   0.0    0.0    0.0   0.0   0.0         0.0         0.0    0.0      0.0    0.0     0.0       0.0       0.0            0.0049       -0.00275    0.3249      -0.0025      0.0           0.0         
 0.0      0.0   0.0   0.0    0.0    0.0   0.0   0.0         0.0         0.0    0.0      0.0    0.0     0.0       0.0       0.0           -0.0025       -0.00176   -0.0025       0.1156     -0.30258      -0.162        
 0.0      0.0   0.0   0.0    0.0    0.0   0.0   0.0         0.0         0.0    0.0      0.0    0.0     0.0       0.0       0.0            0.0           0.0        0.0         -0.30258     0.81          0.4436      
 0.0      0.0   0.0   0.0    0.0    0.0   0.0   0.0         0.0         0.0    0.0      0.0    0.0     0.0       0.0       0.0            0.0           0.0        0.0         -0.162       0.4436        0.2540      
