-1.0    0.50    0.0     300
-1.0    0.50    300     500
-1.0    0.50    500     700
-1.0    0.50    700     1000
-1.0    0.50    1000    5000
-1.0    0.50    5000    30000
0.50    0.82    0.0     300
0.50    0.82    300     500
0.50    0.82    500     700
0.50    0.82    700     1000
0.50    0.82    1000    5000
0.50    0.82    5000    30000
0.82    0.94    0.0     300
0.82    0.94    300     500
0.82    0.94    500     700
0.82    0.94    700     1000
0.82    0.94    1000    5000
0.82    0.94    5000    30000
0.94    1.00    0.0     300
0.94    1.00    300     500
0.94    1.00    500     700
0.94    1.00    700     1000
0.94    1.00    1000    5000
0.94    1.00    5000    30000
