0 3 0 5
0 3 5 10
0 3 10 15
0 3 15 20
0 3 20 25
0 3 25 30
0 3 30 35
0 3 35 40
0 3 40 45
0 3 45 50
0 3 50 55
0 3 55 60
0 3 60 65
0 3 65 70
0 3 70 75
0 3 75 80
0 3 80 85
0 3 85 90
0 3 90 95
3 6 0 5
3 6 5 10
3 6 10 15
3 6 15 20
3 6 20 25
3 6 25 30
3 6 30 35
3 6 35 40
3 6 40 45
3 6 45 50
3 6 50 55
3 6 55 60
3 6 60 65
3 6 65 70
3 6 70 75
3 6 75 80
3 6 80 85
3 6 85 90
3 6 90 95
6 9 0 5
6 9 5 10
6 9 10 15
6 9 15 20
6 9 20 25
6 9 25 30
6 9 30 35
6 9 35 40
6 9 40 45
6 9 45 50
6 9 50 55
6 9 55 60
6 9 60 65
6 9 65 70
6 9 70 75
6 9 75 80
6 9 80 85
6 9 85 90
6 9 90 95
9 12 0 5
9 12 5 10
9 12 10 15
9 12 15 20
9 12 20 25
9 12 25 30
9 12 30 35
9 12 35 40
9 12 40 45
9 12 45 50
9 12 50 55
9 12 55 60
9 12 60 65
9 12 65 70
9 12 70 75
9 12 75 80
9 12 80 85
9 12 85 90
9 12 90 95
12 15 0 5
12 15 5 10
12 15 10 15
12 15 15 20
12 15 20 25
12 15 25 30
12 15 30 35
12 15 35 40
12 15 40 45
12 15 45 50
12 15 50 55
12 15 55 60
12 15 60 65
12 15 65 70
12 15 70 75
12 15 75 80
12 15 80 85
12 15 85 90
12 15 90 95
15 18 0 5
15 18 5 10
15 18 10 15
15 18 15 20
15 18 20 25
15 18 25 30
15 18 30 35
15 18 35 40
15 18 40 45
15 18 45 50
15 18 50 55
15 18 55 60
15 18 60 65
15 18 65 70
15 18 70 75
15 18 75 80
15 18 80 85
15 18 85 90
15 18 90 95
18 21 0 5
18 21 5 10
18 21 10 15
18 21 15 20
18 21 20 25
18 21 25 30
18 21 30 35
18 21 35 40
18 21 40 45
18 21 45 50
18 21 50 55
18 21 55 60
18 21 60 65
18 21 65 70
18 21 70 75
18 21 75 80
18 21 80 85
18 21 85 90
18 21 90 95
21 24 0 5
21 24 5 10
21 24 10 15
21 24 15 20
21 24 20 25
21 24 25 30
21 24 30 35
21 24 35 40
21 24 40 45
21 24 45 50
21 24 50 55
21 24 55 60
21 24 60 65
21 24 65 70
21 24 70 75
21 24 75 80
21 24 80 85
21 24 85 90
21 24 90 95
24 27 0 5
24 27 5 10
24 27 10 15
24 27 15 20
24 27 20 25
24 27 25 30
24 27 30 35
24 27 35 40
24 27 40 45
24 27 45 50
24 27 50 55
24 27 55 60
24 27 60 65
24 27 65 70
24 27 70 75
24 27 75 80
24 27 80 85
24 27 85 90
24 27 90 95
27 30 0 5
27 30 5 10
27 30 10 15
27 30 15 20
27 30 20 25
27 30 25 30
27 30 30 35
27 30 35 40
27 30 40 45
27 30 45 50
27 30 50 55
27 30 55 60
27 30 60 65
27 30 65 70
27 30 70 75
27 30 75 80
27 30 80 85
27 30 85 90
27 30 90 95
30 33 0 5
30 33 5 10
30 33 10 15
30 33 15 20
30 33 20 25
30 33 25 30
30 33 30 35
30 33 35 40
30 33 40 45
30 33 45 50
30 33 50 55
30 33 55 60
30 33 60 65
30 33 65 70
30 33 70 75
30 33 75 80
30 33 80 85
30 33 85 90
30 33 90 95
33 36 0 5
33 36 5 10
33 36 10 15
33 36 15 20
33 36 20 25
33 36 25 30
33 36 30 35
33 36 35 40
33 36 40 45
33 36 45 50
33 36 50 55
33 36 55 60
33 36 60 65
33 36 65 70
33 36 70 75
33 36 75 80
33 36 80 85
33 36 85 90
33 36 90 95
36 39 0 5
36 39 5 10
36 39 10 15
36 39 15 20
36 39 20 25
36 39 25 30
36 39 30 35
36 39 35 40
36 39 40 45
36 39 45 50
36 39 50 55
36 39 55 60
36 39 60 65
36 39 65 70
36 39 70 75
36 39 75 80
36 39 80 85
36 39 85 90
36 39 90 95
39 42 0 5
39 42 5 10
39 42 10 15
39 42 15 20
39 42 20 25
39 42 25 30
39 42 30 35
39 42 35 40
39 42 40 45
39 42 45 50
39 42 50 55
39 42 55 60
39 42 60 65
39 42 65 70
39 42 70 75
39 42 75 80
39 42 80 85
39 42 85 90
39 42 90 95
42 45 0 5
42 45 5 10
42 45 10 15
42 45 15 20
42 45 20 25
42 45 25 30
42 45 30 35
42 45 35 40
42 45 40 45
42 45 45 50
42 45 50 55
42 45 55 60
42 45 60 65
42 45 65 70
42 45 70 75
42 45 75 80
42 45 80 85
42 45 85 90
42 45 90 95
45 48 0 5
45 48 5 10
45 48 10 15
45 48 15 20
45 48 20 25
45 48 25 30
45 48 30 35
45 48 35 40
45 48 40 45
45 48 45 50
45 48 50 55
45 48 55 60
45 48 60 65
45 48 65 70
45 48 70 75
45 48 75 80
45 48 80 85
45 48 85 90
45 48 90 95
48 51 0 5
48 51 5 10
48 51 10 15
48 51 15 20
48 51 20 25
48 51 25 30
48 51 30 35
48 51 35 40
48 51 40 45
48 51 45 50
48 51 50 55
48 51 55 60
48 51 60 65
48 51 65 70
48 51 70 75
48 51 75 80
48 51 80 85
48 51 85 90
48 51 90 95
51 54 0 5
51 54 5 10
51 54 10 15
51 54 15 20
51 54 20 25
51 54 25 30
51 54 30 35
51 54 35 40
51 54 40 45
51 54 45 50
51 54 50 55
51 54 55 60
51 54 60 65
51 54 65 70
51 54 70 75
51 54 75 80
51 54 80 85
51 54 85 90
51 54 90 95
54 57 0 5
54 57 5 10
54 57 10 15
54 57 15 20
54 57 20 25
54 57 25 30
54 57 30 35
54 57 35 40
54 57 40 45
54 57 45 50
54 57 50 55
54 57 55 60
54 57 60 65
54 57 65 70
54 57 70 75
54 57 75 80
54 57 80 85
54 57 85 90
54 57 90 95
57 60 0 5
57 60 5 10
57 60 10 15
57 60 15 20
57 60 20 25
57 60 25 30
57 60 30 35
57 60 35 40
57 60 40 45
57 60 45 50
57 60 50 55
57 60 55 60
57 60 60 65
57 60 65 70
57 60 70 75
57 60 75 80
57 60 80 85
57 60 85 90
57 60 90 95
60 63 0 5
60 63 5 10
60 63 10 15
60 63 15 20
60 63 20 25
60 63 25 30
60 63 30 35
60 63 35 40
60 63 40 45
60 63 45 50
60 63 50 55
60 63 55 60
60 63 60 65
60 63 65 70
60 63 70 75
60 63 75 80
60 63 80 85
60 63 85 90
60 63 90 95
