0 10 0 5
0 10 5 10
0 10 10 15
0 10 15 20
0 10 20 25
0 10 25 30
0 10 30 35
0 10 35 40
0 10 40 45
0 10 45 50
0 10 50 55
0 10 55 60
0 10 60 65
0 10 65 70
0 10 70 75
10 20 0 5
10 20 5 10
10 20 10 15
10 20 15 20
10 20 20 25
10 20 25 30
10 20 30 35
10 20 35 40
10 20 40 45
10 20 45 50
10 20 50 55
10 20 55 60
10 20 60 65
10 20 65 70
10 20 70 75
20 30 0 5
20 30 5 10
20 30 10 15
20 30 15 20
20 30 20 25
20 30 25 30
20 30 30 35
20 30 35 40
20 30 40 45
20 30 45 50
20 30 50 55
20 30 55 60
20 30 60 65
20 30 65 70
20 30 70 75
30 40 0 5
30 40 5 10
30 40 10 15
30 40 15 20
30 40 20 25
30 40 25 30
30 40 30 35
30 40 35 40
30 40 40 45
30 40 45 50
30 40 50 55
30 40 55 60
30 40 60 65
30 40 65 70
30 40 70 75
40 50 0 5
40 50 5 10
40 50 10 15
40 50 15 20
40 50 20 25
40 50 25 30
40 50 30 35
40 50 35 40
40 50 40 45
40 50 45 50
40 50 50 55
40 50 55 60
40 50 60 65
40 50 65 70
40 50 70 75
50 60 0 5
50 60 5 10
50 60 10 15
50 60 15 20
50 60 20 25
50 60 25 30
50 60 30 35
50 60 35 40
50 60 40 45
50 60 45 50
50 60 50 55
50 60 55 60
50 60 60 65
50 60 65 70
50 60 70 75
