2
-1.0  0.2  000  30000
 0.2  0.6  000  500
 0.2  0.6  500  600
 0.2  0.6  600  30000
 0.6  0.7  000  500
 0.6  0.7  500  800
 0.6  0.7  800  30000
 0.7  0.8  000  500
 0.7  0.8  500  800
 0.7  0.8  800  30000
 0.8  0.85 000  500
 0.8  0.85 500  800
 0.8  0.85 800  30000
 0.85 0.9  000  500
 0.85 0.9  500  800
 0.85 0.9  800  1500
 0.85 0.9  1500 30000
 0.9  0.94 000  500
 0.9  0.94 500  800
 0.9  0.94 800  2000
 0.9  0.94 2000 30000
 0.94 0.98 000  600
 0.94 0.98 600  1000
 0.94 0.98 1000 2000
 0.94 0.98 2000 30000
 0.98 1.00 000  700
 0.98 1.00 700  1250
 0.98 1.00 1250 5000
 0.98 1.00 5000 30000
