4
-1.0  0.6     0   30000  -1.0  0.7    0  30000
-1.0  0.6     0   30000   0.7  1.0    0  30000
 0.6  0.8     0     400  -1.0  1.0    0  30000
 0.6  0.8   400   30000  -1.0  1.0    0  30000
 0.8  0.9     0    1000  -1.0  0.7    0  30000
 0.8  0.9     0    1000   0.7  1.0    0    400
 0.8  0.9     0    1000   0.7  1.0  400  30000
 0.8  0.9  1000   30000  -1.0  1.0    0  30000
 0.9  1.0     0    1000  -1.0  1.0    0    300
 0.9  1.0     0    1000  -1.0  1.0  300  30000
 0.9  1.0  1000    2500  -1.0  0.7    0  30000
 0.9  1.0  1000    2500   0.7  1.0    0    600
 0.9  1.0  1000    2500   0.7  1.0  600  30000
 0.9  1.0  2500   30000  -1.0  0.7    0  30000
 0.9  1.0  2500   30000   0.7  1.0    0    600
 0.9  1.0  2500   30000   0.7  1.0  600  30000 